[Wins]
Ron=204
jessica's_cheerleaders=1
Money_Plz=4
infamy=13
Pwnage=74
ftwDM=2
ohai=1
Skyyy=1
Owned=4
ZeroKhaos=3
white=2
W79=86
PROS=2
Grunts_incorporated=213
rsbr=15
yes=1
jimjim=2
loot=1
Muffins=6
german_sw=4
agression=18
man4life=8
Masters_of_the_deep=165
chuck_norris=4
PEN0R_MENNNN!!!!!=50
Epicsauce=1
Athene=56
iDM-Admins=99
fox=83
jason_n_nath=9
dog_tylerclub=23
ShadowLegion=25
distortion=10
The_iDM_Savages=3
#Gundam=229
looooot=36
Skillers=11
swaffele=1
fatty's=56
Z0MG_0PTIK=5
team_viagra=270
Newbies-Incorperated=8
Spoons_Noob_Fan_Club=1
ancient_fury=2
bsl=7
stonerz=23
#tank=401
33-33-33=15
abc123=46
l0lzors=71
idfk=5
randy=1
#la=1
#Telmomarques=7
DM_OWNERS=2
mudkip=8
pwnedbyus=1
penislovers=8
dark=10
psd=5
iTards=2
0wnage=19
hawties=12
Vengance=1
Dpk=38
tbc=10
fof=4
cubsfan20000=7
Divine=12
sinnacle=65
Brian&water=17
BludBrothers=155
konthoofden_united=185
negro=53
hax0rz=173
Fuck-You-Unit=3
RodneyMack=74
PwnTube=55
loots=3
Elite=13
pixals=11
foxxie=233
sarag0d=252
110_nubs=2
hit_bitch=3
ddk=32
tehpwners=5
lethality_nerds=4
Army=98
69=8
Omega=10
beveidziai=2
Hawtness_unit=37
XiiSHAREPLZiiX=9
pkyank=11
Soul=8
revolution_x=1
moonyowns=41
Flames_of_Fury=18
Homeless_Bums=1
xsp=2
lolage=9
biggieshugh=1
Pimp=13
gmaulpro=6
The_Clan=2
#ilikepie=10
Pandas=6
RawrtheNess=1
wor=1
dimystijn=10
[Money]
Ron=963755284
jessica's_cheerleaders=973106
Money_Plz=81720009
infamy=23060553
Pwnage=1017236433
ftwDM=1290783
ohai=1631740
Skyyy=397146
Owned=5388923
ZeroKhaos=119133950
white=1619799
W79=1474482236
PROS=27089438
Grunts_incorporated=961216787
rsbr=43631022
yes=373241
jimjim=6580853
loot=8863770
Muffins=13439380
german_sw=22283766
agression=106560777
man4life=10174528
Masters_of_the_deep=502626287
chuck_norris=13020619
PEN0R_MENNNN!!!!!=278221366
Epicsauce=4095413
Athene=546709708
iDM-Admins=2347655645
fox=388642844
jason_n_nath=87481504
dog_tylerclub=248917448
ShadowLegion=114269731
distortion=63370428
The_iDM_Savages=5071311
#Gundam=1326568404
looooot=237902183
Skillers=9302251
swaffele=326349
fatty's=560641491
Z0MG_0PTIK=20964953
team_viagra=2063179442
Newbies-Incorperated=9057294
Spoons_Noob_Fan_Club=170621
ancient_fury=4562912
bsl=16597007
stonerz=81039810
#tank=3346923944
33-33-33=79676653
abc123=119782980
l0lzors=253610087
idfk=12515766
randy=2456700
#la=77125000
#Telmomarques=10575072
DM_OWNERS=18131320
mudkip=5520240
pwnedbyus=81641633
penislovers=36549625
dark=9820284
psd=7514254
iTards=3783033
0wnage=63740261
hawties=16299828
Vengance=728787
Dpk=517046218
tbc=134768437
fof=12472431
cubsfan20000=5180089
Divine=12835094
sinnacle=173986328
Brian&water=378178861
BludBrothers=668266782
konthoofden_united=1879681467
negro=316220695
hax0rz=1580575898
Fuck-You-Unit=10689829
RodneyMack=342149446
PwnTube=225174957
loots=4431466
Elite=18177555
pixals=46537751
foxxie=818674650
sarag0d=1449934824
110_nubs=6683318
hit_bitch=12563036
ddk=184079890
tehpwners=4243849
lethality_nerds=8796258
Army=530463198
69=4152402
Omega=21029468
beveidziai=3341084
Hawtness_unit=169298970
XiiSHAREPLZiiX=10764239
pkyank=30391527
Soul=38479978
revolution_x=19097
moonyowns=86207895
Flames_of_Fury=130453497
Homeless_Bums=11125000
xsp=6658967
lolage=54958141
biggieshugh=789120
Pimp=23674257
gmaulpro=27704208
The_Clan=103561
#ilikepie=185432717
Pandas=19361667
RawrtheNess=1765950
wor=1210636
dimystijn=419525834
[Losses]
Ron=195
jessica's_cheerleaders=1
F1r3=142
Tensore=26
Team=1
Money_Plz=6
Faggotry=8
team_mj=1
Fuck-You-Unit=8
Infamy=11
Pwnage=61
ftwDM=8
Owned=4
ZeroKhaos=2
white=2
W79=90
PROS=1
Grunts_incorporated=246
colors=5
rsbr=12
loot=1
Spidey1818=67
Muffins=14
pwnedbyus=3
german_sw=4
agression=16
man4life=8
jimjim=1
Masters_of_the_deep=143
Chuck_Norris=2
PEN0R_MENNNN!!!!!=37
epicsauce=1
that_clan=190
Athene=49
iDM-Admins=124
Fox=104
gwasballers=18
jason_n_nath=9
dog_tylerclub=25
ShadowLegion=13
distortion=5
115=19
rapeduplz=1
The_iDM_Savages=3
#gundam=104
looooot=33
Dutch_United=11
w83=1
Team_koko=13
Envy=2
The_Neggas_Clan=5
Skillers=22
fatty's=56
Super-Tuff-Pink-Puff=3
Z0mg_0ptik=5
Soldtheman=13
Team_Viagra=183
Newbies-Incorperated=8
TT=41
Pen0r=8
Spoons_Noob_Fan_Club=1
Ancient_fury=2
stonerz=20
The.M=165
#tank=216
Mudkip=8
Dark_warlords=57
abc123=32
l0lzors=79
idfk=8
randy=53
33-33-33=10
#la=2
#Telmomarques=8
DM_OWNERS=2
bsl=1
penislovers=8
psd=5
WoF=36
iTards=2
0wnage=30
Dpk=46
TheLiLBombas=6
Meepmop=162
hawties=4
tiko=3
tbc=9
fof=7
cubsfan20000=10
Chaos_Theory=41
Divine=16
sinnacle=88
Brian&water=15
konthoofden_united=134
negro=67
hax0rz=108
owners=24
N-UNIT=1
RodneyMack=75
PwnTube=29
foxxie=187
#Excelium=21
rock=4
Jesus=29
hax0r=9
loots=1
Elite=9
pixals=11
sarag0d=124
110_nubs=2
DDK=53
tehpwners=2
lethality_nerds=6
army=67
69=5
omega=11
beveidziai=2
TGC=26
bludbrothers=147
Hotnate100=80
sexys=8
untouchable=3
Hawtness_unit=32
XiiSHAREPLZiiX=11
pkyank=14
Soul=6
Seether=1
Moonyowns=49
Conspiracy=13
Flames_of_Fury=14
Dark=4
es-dm=1
WASSUP=55
lolage=33
biggieshugh=1
Pimp=6
gmaulpro=6
The_Clan=5
#ilikepie=21
Pandas=4
hit_bitch=4
RawrtheNess=2
wor=3
dimystijn=23
